# gpu_frame x0 -72 show_x0 -72 quads 51 (this dump's frame may be one later)
# oam: idx rawx rawy tile attr hi | tagx tagy hud
  0  57 141 00 0028 2 | 57 141 0
  1  57 133 02 0028 2 | 57 133 0
  2  74 146 04 0028 0 | 74 146 0
  3  66 146 05 0028 0 | 66 146 0
  4  49 165 08 0028 2 | 49 165 0
  5  57 165 0A 0028 2 | 57 165 0
  6  57 149 0C 0028 2 | 57 149 0
  7  18 159 E4 003E 3 | 274 159 0
  8   2 161 00 003F 3 | 258 161 0
  9  62 139 09 003F 3 | 318 139 0
 10  62 123 E9 003E 3 | 318 123 0
 11  60 144 E0 003E 3 | 316 144 0
 12  46 151 E0 003E 3 | 302 151 0
 13  32 158 E0 003E 3 | 288 158 0
 14  35  92 DE 003F 1 | 291 92 0
 15  35  84 CE 003F 1 | 291 84 0
 16  43  92 5D 003F 1 | 299 92 0
 17  43  84 4D 003F 1 | 299 84 0
 18  51  76 E6 003F 3 | 307 76 0
 19  67  76 E0 003F 3 | 323 76 0
 20  82 165 DF 003E 1 | 338 165 0
 21  74 166 DE 003E 1 | 330 166 0
 22  66 166 DD 003E 1 | 322 166 0
 23  58 166 DC 003E 1 | 314 166 0
 24  50 166 DB 003E 1 | 306 166 0
 25  66 150 2D 003F 3 | 322 150 0
 26  66 146 4B 003F 3 | 322 146 0
 27  70 146 2B 003F 3 | 326 146 0
 28  53 165 DF 003E 1 | 309 165 0
 29  45 166 DE 003E 1 | 301 166 0
 30  37 166 DD 003E 1 | 293 166 0
 31  29 166 DC 003E 1 | 285 166 0
 32  21 166 DB 003E 1 | 277 166 0
 33  37 150 2D 003F 3 | 293 150 0
 34  37 146 4B 003F 3 | 293 146 0
 35  41 146 2B 003F 3 | 297 146 0
 36  69  88 DA 00AE 1 | 325 88 0
 37  61  88 D9 00AE 1 | 317 88 0
 38  53  88 D8 00AE 1 | 309 88 0
 39  53 240 D4 00AE 0 | -32768 -32768 0
 40  75 240 D8 002E 0 | -32768 -32768 0
 41  83 240 D4 002E 0 | -32768 -32768 0
 42  87 240 DC 003E 0 | -32768 -32768 0
 43  79 240 DB 003E 0 | -32768 -32768 0
 44  95 240 2D 003F 0 | -32768 -32768 0
 45  95 240 4B 003F 0 | -32768 -32768 0
 46  99 240 2B 003F 0 | -32768 -32768 0
 47 127 240 DA 002E 0 | -32768 -32768 0
 48 119 240 D9 002E 0 | -32768 -32768 0
 49 111 240 D8 002E 0 | -32768 -32768 0
 50 111 240 D4 00AE 0 | -32768 -32768 0
 51 249 240 22 003F 0 | -32768 -32768 0
 52  88 240 65 007F 0 | -32768 -32768 0
 53  96 240 64 007F 0 | -32768 -32768 0
 54  80 240 65 003F 0 | -32768 -32768 0
 55  72 240 64 003F 0 | -32768 -32768 0
 56  54 240 2E 002A 0 | -32768 -32768 0
 57  74 240 2E 002A 0 | -32768 -32768 0
 58  88 240 00 0028 0 | -32768 -32768 0
 59  88 240 02 0028 0 | -32768 -32768 0
 60  91 240 0C 0028 0 | -32768 -32768 0
 61  91 240 08 0028 0 | -32768 -32768 0
 62  83 240 0A 0028 0 | -32768 -32768 0
 63  83 240 0D 0028 0 | -32768 -32768 0
 64  79 240 0D 0028 0 | -32768 -32768 0
 65  79 240 0E 0028 0 | -32768 -32768 0
 66 103 240 0F 0028 0 | -32768 -32768 0
 67  79 240 0E 0028 0 | -32768 -32768 0
 68 103 240 0F 0028 0 | -32768 -32768 0
 69 154 240 26 0063 0 | -32768 -32768 0
 70 162 240 25 0063 0 | -32768 -32768 0
 71 156 240 24 0063 0 | -32768 -32768 0
 72   0 240 00 0000 0 | -32768 -32768 0
 73   0 240 00 0000 0 | -32768 -32768 0
 74   0 240 00 0000 0 | -32768 -32768 0
 75   0 240 00 0000 0 | -32768 -32768 0
 76   0 240 00 0000 0 | -32768 -32768 0
 77   0 240 00 0000 0 | -32768 -32768 0
 78   0 240 00 0000 0 | -32768 -32768 0
 79   0 240 00 0000 0 | -32768 -32768 0
 80   0 240 00 0000 0 | -32768 -32768 0
 81   0 240 00 0000 0 | -32768 -32768 0
 82   0 240 00 0000 0 | -32768 -32768 0
 83   0 240 00 0000 0 | -32768 -32768 0
 84   0 240 00 0000 0 | -32768 -32768 0
 85   0 240 00 0000 0 | -32768 -32768 0
 86   0 240 00 0000 0 | -32768 -32768 0
 87   0 240 00 0000 0 | -32768 -32768 0
 88   0 240 00 0000 0 | -32768 -32768 0
 89   0 240 00 0000 0 | -32768 -32768 0
 90   0 240 00 0000 0 | -32768 -32768 0
 91   0 240 00 0000 0 | -32768 -32768 0
 92   0 240 00 0000 0 | -32768 -32768 0
 93   0 240 00 0000 0 | -32768 -32768 0
 94   0 240 00 0000 0 | -32768 -32768 0
 95   0 240 00 0000 0 | -32768 -32768 0
 96   0 240 00 0000 0 | -32768 -32768 0
 97   0 240 00 0000 0 | -32768 -32768 0
 98   0 240 00 0000 0 | -32768 -32768 0
 99   0 240 00 0000 0 | -32768 -32768 0
100   0 240 00 0000 0 | -32768 -32768 0
101   0 240 00 0000 0 | -32768 -32768 0
102   0 240 00 0000 0 | -32768 -32768 0
103   0 240 00 0000 0 | -32768 -32768 0
104   0 240 00 0000 0 | -32768 -32768 0
105   0 240 00 0000 0 | -32768 -32768 0
106   0 240 00 0000 0 | -32768 -32768 0
107   0 240 00 0000 0 | -32768 -32768 0
108   0 240 00 0000 0 | -32768 -32768 0
109   0 240 00 0000 0 | -32768 -32768 0
110   0 240 00 0000 0 | -32768 -32768 0
111   0 240 00 0000 0 | -32768 -32768 0
112   0 240 00 0000 0 | -32768 -32768 0
113   0 240 00 0000 0 | -32768 -32768 0
114   0 240 00 0000 0 | -32768 -32768 0
115   0 240 00 0000 0 | -32768 -32768 0
116   0 240 00 0000 0 | -32768 -32768 0
117   0 240 00 0000 0 | -32768 -32768 0
118   0 240 00 0000 0 | -32768 -32768 0
119   0 240 00 0000 0 | -32768 -32768 0
120   0 240 00 0000 0 | -32768 -32768 0
121   0 240 00 0000 0 | -32768 -32768 0
122   0 240 00 0000 0 | -32768 -32768 0
123   0 240 00 0000 0 | -32768 -32768 0
124   0 240 00 0000 0 | -32768 -32768 0
125   0 240 00 0000 0 | -32768 -32768 0
126   0 240 00 0000 0 | -32768 -32768 0
127   0 240 00 0000 0 | -32768 -32768 0
# sprite quads: x y w h level plane
57 141 16 16 10 0
57 133 16 16 10 0
74 146 8 8 10 0
66 146 8 8 10 0
49 165 16 16 10 0
57 165 16 16 10 0
57 149 16 16 10 0
274 159 16 16 14 0
258 161 16 16 14 0
318 139 16 16 14 0
318 123 16 16 14 0
316 144 16 16 14 0
302 151 16 16 14 0
288 158 16 16 14 0
291 92 8 8 14 0
291 84 8 8 14 0
299 92 8 8 14 0
299 84 8 8 14 0
307 76 16 16 14 0
323 76 16 16 14 0
322 166 8 8 14 0
314 166 8 8 14 0
306 166 8 8 14 0
322 150 16 16 14 0
322 146 16 16 14 0
326 146 16 16 14 0
309 165 8 8 14 0
301 166 8 8 14 0
293 166 8 8 14 0
285 166 8 8 14 0
277 166 8 8 14 0
293 150 16 16 14 0
293 146 16 16 14 0
297 146 16 16 14 0
325 88 8 8 10 0
317 88 8 8 10 0
309 88 8 8 10 0
